0 1000 2.53312e+06 1 8.5404
0.1 2295.98 2.53312e+06 2.29871 3.71531
0.2 2295.88 2.53312e+06 2.2986 3.71548
0.3 2295.88 2.53312e+06 2.2986 3.71548
0.4 2295.88 2.53312e+06 2.2986 3.71548
0.5 2295.88 2.53312e+06 2.2986 3.71548
0.6 2295.88 2.53312e+06 2.2986 3.71548
0.7 2295.88 2.53312e+06 2.2986 3.71548
0.8 2295.88 2.53312e+06 2.2986 3.71548
0.9 2295.88 2.53312e+06 2.2986 3.71548
1 2295.88 2.53312e+06 2.2986 3.71548
1.1 2295.88 2.53312e+06 2.2986 3.71548
1.2 2295.88 2.53312e+06 2.2986 3.71548
1.3 2295.88 2.53312e+06 2.2986 3.71548
1.4 2295.88 2.53312e+06 2.2986 3.71548
1.5 2295.88 2.53312e+06 2.2986 3.71548
1.6 2295.88 2.53312e+06 2.2986 3.71548
1.7 2295.88 2.53312e+06 2.2986 3.71548
1.8 2295.88 2.53312e+06 2.2986 3.71548
1.9 2295.88 2.53312e+06 2.2986 3.71548
2 2295.88 2.53312e+06 2.2986 3.71548
2.1 2295.88 2.53312e+06 2.2986 3.71548
2.2 2295.88 2.53312e+06 2.2986 3.71548
2.3 2295.88 2.53312e+06 2.2986 3.71548
2.4 2295.88 2.53312e+06 2.2986 3.71548
2.5 2295.88 2.53312e+06 2.2986 3.71548
2.6 2295.88 2.53312e+06 2.2986 3.71548
2.7 2295.88 2.53312e+06 2.2986 3.71548
2.8 2295.88 2.53312e+06 2.2986 3.71548
2.9 2295.88 2.53312e+06 2.2986 3.71548
3 2295.88 2.53312e+06 2.2986 3.71548
3.1 2295.88 2.53312e+06 2.2986 3.71548
3.2 2295.88 2.53312e+06 2.2986 3.71548
3.3 2295.88 2.53312e+06 2.2986 3.71548
3.4 2295.88 2.53312e+06 2.2986 3.71548
3.5 2295.88 2.53312e+06 2.2986 3.71548
3.6 2295.88 2.53312e+06 2.2986 3.71548
3.7 2295.88 2.53312e+06 2.2986 3.71548
3.8 2295.88 2.53312e+06 2.2986 3.71548
3.9 2295.88 2.53312e+06 2.2986 3.71548
4 2295.88 2.53312e+06 2.2986 3.71548
4.1 2295.88 2.53312e+06 2.2986 3.71548
4.2 2295.88 2.53312e+06 2.2986 3.71548
4.3 2295.88 2.53312e+06 2.2986 3.71548
4.4 2295.88 2.53312e+06 2.2986 3.71548
4.5 2295.88 2.53312e+06 2.2986 3.71548
4.6 2295.88 2.53312e+06 2.2986 3.71548
4.7 2295.88 2.53312e+06 2.2986 3.71548
4.8 2295.88 2.53312e+06 2.2986 3.71548
4.9 2295.88 2.53312e+06 2.2986 3.71548
5 2295.88 2.53312e+06 2.2986 3.71548
5.1 2295.88 2.53312e+06 2.2986 3.71548
5.2 2295.88 2.53312e+06 2.2986 3.71548
5.3 2295.88 2.53312e+06 2.2986 3.71548
5.4 2295.88 2.53312e+06 2.2986 3.71548
5.5 2295.88 2.53312e+06 2.2986 3.71548
5.6 2295.88 2.53312e+06 2.2986 3.71548
5.7 2295.88 2.53312e+06 2.2986 3.71548
5.8 2295.88 2.53312e+06 2.2986 3.71548
5.9 2295.88 2.53312e+06 2.2986 3.71548
6 2295.88 2.53312e+06 2.2986 3.71548
6.1 2295.88 2.53312e+06 2.2986 3.71548
6.2 2295.88 2.53312e+06 2.2986 3.71548
6.3 2295.88 2.53312e+06 2.2986 3.71548
6.4 2295.88 2.53312e+06 2.2986 3.71548
6.5 2295.88 2.53312e+06 2.2986 3.71548
6.6 2295.88 2.53312e+06 2.2986 3.71548
6.7 2295.88 2.53312e+06 2.2986 3.71548
6.8 2295.88 2.53312e+06 2.2986 3.71548
6.9 2295.88 2.53312e+06 2.2986 3.71548
7 2295.88 2.53312e+06 2.2986 3.71548
7.1 2295.88 2.53312e+06 2.2986 3.71548
7.2 2295.88 2.53312e+06 2.2986 3.71548
7.3 2295.88 2.53312e+06 2.2986 3.71548
7.4 2295.88 2.53312e+06 2.2986 3.71548
7.5 2295.88 2.53312e+06 2.2986 3.71548
7.6 2295.88 2.53312e+06 2.2986 3.71548
7.7 2295.88 2.53312e+06 2.2986 3.71548
7.8 2295.88 2.53312e+06 2.2986 3.71548
7.9 2295.88 2.53312e+06 2.2986 3.71548
8 2295.88 2.53312e+06 2.2986 3.71548
8.1 2295.88 2.53312e+06 2.2986 3.71548
8.2 2295.88 2.53312e+06 2.2986 3.71548
8.3 2295.88 2.53312e+06 2.2986 3.71548
8.4 2295.88 2.53312e+06 2.2986 3.71548
8.5 2295.88 2.53312e+06 2.2986 3.71548
8.6 2295.88 2.53312e+06 2.2986 3.71548
8.7 2295.88 2.53312e+06 2.2986 3.71548
8.8 2295.88 2.53312e+06 2.2986 3.71548
8.9 2295.88 2.53312e+06 2.2986 3.71548
9 2295.88 2.53312e+06 2.2986 3.71548
9.1 2295.88 2.53312e+06 2.2986 3.71548
9.2 2295.88 2.53312e+06 2.2986 3.71548
9.3 2295.88 2.53312e+06 2.2986 3.71548
9.4 2295.88 2.53312e+06 2.2986 3.71548
9.5 2295.88 2.53312e+06 2.2986 3.71548
9.6 2295.88 2.53312e+06 2.2986 3.71548
9.7 2295.88 2.53312e+06 2.2986 3.71548
9.8 2295.88 2.53312e+06 2.2986 3.71548
9.9 2295.88 2.53312e+06 2.2986 3.71548
